-96
-14
135
-253
-172
272
-145
-97
232
-141
-35
37
15
278
-15
-296
49
97
22
-51
-275
39
-437
-237
261
180
-114
-235
-324
-40
-274
-124
-143
-137
150
242
24
370
172
-44
12
94
-39
-90
-147
262
-114
88
125
-102
134
-61
19
22
125
-195
23
-90
207
-149
48
206
-268
-262
158
-198
-52
125
203
262
44
-389
161
-78
-209
-11
-52
-31
49
-142
-23
-164
130
201
193
-205
-129
-109
266
216
-116
-136
20
253
-22
50
106
139
-111
340
-112
215
-165
-118
96
71
327
-11
-182
-344
69
3
-160
-277
-64
258
-150
-111
233
-18
-56
26
-115
-175
-141
-28
146
-308
-85
-10
-26
-133
-68
-22
-111
205
-134
-10
-225
-135
-52
3
25
100
-191
8
79
167
-341
-51
-48
252
35
-102
-107
121
61
-64
-43
-77
105
331
132
216
370
117
-67
185
-32
-254
66
104
39
9
-110
-44
-110
6
369
-30
-168
143
-166
-29
157
65
49
-203
60
-219
-50
89
-44
287
64
-61
93
232
-104
198
-73
62
-415
-191
21
-187
-77
-62
-12
303
-96
-388
-39
-119
73
61
129
-9
159
-130
19
-77
-128
8
9
93
-112
46
-112
36
-35
215
17
-130
169
110
154
66
49
71
-88
110
6
296
328
235
62
-170
-98
-130
-44
163
72
54
-189
239
-96
162
122
221
85
-39
-259
-202
-296
6
-81
-9
76
-164
373
51
-131
-89
363
-149
145
169
109
137
-115
200
-354
56
172
-318
-74
-91
-48
286
96
-343
108
112
-30
-113
221
31
270
130
81
74
307
75
59
-156
-99
326
0
98
-204
192
-81
75
39
-35
-37
-130
123
-200
-310
71
-62
-92
-295
-3
-56
-195
-26
-5
-76
-16
-129
254
74
-108
-22
109
162
64
48
235
238
356
228
99
62
-11
-92
-115
-200
184
-33
301
-174
-68
-210
87
-90
-99
186
183
168
-60
268
278
-63
-146
510
-150
-81
-23
124
166
-54
40
-63
29
164
168
-230
-92
-39
140
25
-27
229
-133
-81
95
-333
-294
12
-68
-111
210
-271
-101
-130
21
