-386
-146
-221
111
28
359
-263
116
171
199
-600
505
-176
-360
450
35
-127
-183
443
-26
142
-305
-225
-320
-336
36
201
81
-581
331
-67
53
-208
284
376
-45
-42
214
175
124
-378
-36
-256
-223
20
-173
-14
202
-325
-103
-252
332
-156
159
-106
-445
259
51
62
-155
-15
207
-63
307
-550
485
-52
-253
-244
-26
-78
-264
-105
257
-313
248
66
95
-126
107
-46
15
73
-273
-210
48
-431
-125
128
353
-238
400
-379
-63
-283
-27
-204
377
-296
231
-115
43
-117
-209
-192
51
16
22
111
190
7
-59
-6
93
258
-448
-137
-78
-367
-269
-326
-41
-4
-91
-256
114
-126
354
26
-115
227
236
522
131
-185
-7
27
225
360
239
-42
-118
-2
-55
19
166
-433
-244
-301
23
310
-125
-316
-296
-189
442
215
-75
526
98
364
271
-142
-326
-116
99
393
635
58
-269
-54
153
65
162
-372
-672
491
-258
652
426
-120
-137
44
-266
-47
-25
-80
-244
-36
-312
-77
77
-203
216
155
-250
-84
-220
16
-280
135
-376
-189
22
-158
99
156
-59
99
-213
259
-292
-201
5
37
-437
121
194
-80
-460
-174
425
55
413
-429
0
128
292
213
283
50
63
-102
267
-175
72
60
511
-280
51
178
-281
-171
123
-183
-200
95
97
53
47
-242
225
28
142
266
9
-129
329
-412
-103
210
-652
603
87
-47
155
-214
-360
149
226
-68
353
-264
-171
-165
343
-720
284
53
22
64
-72
-481
-287
-305
145
245
342
113
-2
183
-165
-34
-97
201
-179
186
174
70
118
585
198
18
330
50
-546
288
226
-14
-250
12
133
367
436
28
-412
26
54
-89
148
446
-130
542
113
305
135
-903
166
-136
-100
224
177
646
-140
60
61
332
-47
-592
-577
11
-40
163
258
48
-212
22
-197
-71
273
30
-365
-236
-482
-480
-75
-325
122
23
-491
211
-309
-178
-204
-379
282
-141
23
-140
-66
-50
657
-366
-34
-458
476
-250
263
-432
149
5
353
-408
-147
-139
283
310
-38
228
448
-1
-79
45
117
-18
-113
78
255
-49
611
-27
339
-401
260
-666
-129
-128
-262
24
-86
630
176
-197
89
-25
407
-26
-552
-79
-379
224
-16
-159
-3
-166
517
411
145
-218
99
426
269
-167
186
-322
164
-167
170
30
-108
-159
63
-87
-117
3
58
36
-51
96
-32
-47
140
-64
-18
213
-1
143
-274
-348
24
204
-109
-221
254
-14
171
-298
90
240
-193
673
-385
104
-240
-141
-55
358
-276
353
-216
421
270
-59
-43
91
-217
-197
116
-76
332
-346
-326
-169
-167
50
68
29
-244
-367
-108
69
-374
168
-224
49
-306
-91
141
-301
-203
342
19
-138
-275
62
-98
96
146
150
57
455
-174
-58
145
362
-236
145
-13
132
308
-40
-211
-126
503
-43
-173
-316
15
-93
-87
-463
-210
10
-102
-113
121
89
-222
332
-49
-50
395
-646
-220
-732
-264
93
116
269
-412
790
25
-142
-86
636
197
108
-248
-94
-435
560
-412
-4
-668
-138
376
-330
-158
-232
-7
75
230
59
719
-530
260
-310
277
-392
65
-408
-400
201
210
129
162
-183
388
-48
340
159
81
87
443
-353
-79
-135
-450
341
-163
-191
195
-284
-5
878
-57
19
-310
293
-18
247
-353
-71
-294
74
-219
508
189
-363
-294
340
18
589
-29
277
4
-211
-142
-402
563
285
-397
184
-222
57
249
-287
-92
-485
235
65
115
69
-278
-319
142
22
-276
372
124
192
160
26
179
8
102
-607
459
-275
4
-168
60
-74
384
63
-356
123
483
429
9
194
-4
300
109
-35
182
74
-62
65
-85
-220
97
330
-145
189
-199
-32
-25
-89
292
230
46
-393
-180
104
294
296
-330
221
-226
288
-106
-209
204
-9
793
17
-31
-40
-301
224
252
-83
-219
238
-130
310
-318
299
193
146
135
-347
-246
-107
308
246
-113
-255
104
-441
-194
169
296
351
-85
-130
-57
370
-50
-82
-58
21
-20
-84
-4
-206
260
325
74
-7
411
134
-25
37
-919
82
14
164
-200
-11
262
346
-88
-245
64
-27
-60
-170
-505
-289
183
-234
52
-278
-132
-198
391
-295
42
-167
115
-301
301
-642
86
96
-92
-528
103
-75
-26
234
150
-83
148
-7
-48
96
-67
-335
-123
-259
397
-184
93
309
7
-21
255
250
-74
-277
119
190
-155
-21
130
-543
43
-53
-507
282
-245
208
-66
-77
-787
389
221
-266
156
-23
-605
38
34
205
-320
35
-480
64
-382
179
-190
186
-98
329
-110
-162
70
184
-283
58
-59
-237
81
-1
106
194
220
-338
195
-6
-8
-359
180
-328
-115
118
-431
-93
138
450
-413
-284
-359
-210
185
124
-319
78
234
-241
-209
-125
185
-19
-232
-64
-107
-357
-276
69
292
240
251
401
-54
208
132
-278
-160
320
-218
80
-34
285
358
171
229
166
-184
55
-22
-159
84
-431
2
-74
-152
-400
-81
-129
-48
-199
-85
-75
48
154
-339
-55
23
52
250
-114
-4
169
-256
48
-283
24
-102
-93
109
366
135
-70
-16
-64
-237
-285
-45
72
150
28
260
-601
174
-373
-128
-139
293
-210
177
-451
33
38
583
223
433
2
-182
-642
-339
-65
222
286
544
197
190
135
-100
-185
-172
458
-258
-267
62
-118
118
416
-397
-431
187
47
-731
-547
-259
210
-132
135
256
142
291
322
481
30
189
-86
-333
551
77
364
98
-506
350
-443
-407
-39
701
368
75
-7
140
246
115
1
-43
-923
-216
-47
205
-89
390
396
200
-29
456
-84
233
323
-106
-129
-474
172
-11
112
129
248
-68
-80
-225
-98
414
53
625
164
-185
176
83
-165
240
-268
-203
-263
-396
451
-72
-43
-416
62
141
421
-354
-74
-149
-73
-83
117
14
53
93
245
-144
-281
184
-279
182
-325
346
16
131
186
151
39
230
-26
-83
202
142
-341
23
445
58
463
-476
292
106
-126
771
-106
-128
-101
80
208
-655
20
-32
42
165
-133
-302
1
582
353
-303
212
-91
0
-83
444
-315
-9
-147
24
50
-232
146
66
-522
-512
137
0
294
344
-313
27
-82
32
263
-19
442
239
-342
-36
238
-115
143
-213
-139
-266
-91
34
-61
-426
368
15
-247
306
169
332
307
-147
54
204
73
-60
83
-198
-289
-41
100
18
24
457
13
-270
296
-207
-1
29
-278
-185
52
-149
199
-187
-446
-228
-350
127
-401
-9
429
247
-2
-316
-298
107
-97
40
-91
-419
570
-48
-127
37
499
610
376
474
3
61
-134
79
-352
171
612
-104
-152
94
-203
-337
-39
26
160
93
-130
0
171
-145
-119
424
-17
-104
-255
-171
382
-436
-50
-158
127
-440
441
-548
-41
-376
231
-214
80
-242
-344
209
427
288
-34
-225
194
-130
400
-312
-599
667
222
17
-63
-151
-359
358
240
-290
200
-409
156
-14
-267
4
348
379
90
-266
55
-21
-55
-159
156
48
-120
2
-261
35
53
-265
-161
72
-165
297
-134
-155
-212
-153
331
-474
-147
-308
415
20
185
-145
-299
401
346
-277
-62
-417
28
52
91
241
202
-118
-183
-179
-371
66
192
308
-143
-241
191
-81
-180
-100
339
-88
-346
-68
-217
-216
150
4
225
86
-58
163
-74
141
51
347
-181
268
-289
425
-52
-204
-2
-209
10
330
-58
178
309
448
156
-31
-276
-85
468
-232
-367
-101
-72
-13
101
-116
-200
331
51
-705
211
-23
-205
-121
-364
-17
123
58
-146
-6
427
58
159
-308
182
119
158
-409
154
-60
-61
-402
-17
71
165
-91
-307
143
427
60
16
-338
-105
-153
55
-20
-10
29
281
302
216
36
120
-352
-113
235
-202
105
138
-7
-173
179
39
-100
182
-273
127
-196
-71
23
20
-25
309
76
181
35
-280
-217
-143
47
78
111
-214
391
-281
-101
-78
251
173
-170
354
511
15
421
98
163
-212
351
-121
-135
-15
-38
-121
-49
-93
-125
-343
224
-318
-272
-260
-138
-196
180
170
663
655
-159
-22
251
136
-394
-42
362
25
-246
-381
-44
143
-287
-219
-279
573
-53
215
-477
86
-78
96
461
26
446
-468
46
-807
121
13
553
184
241
-75
-216
210
-270
-227
315
-385
151
-62
-432
-16
370
149
-23
-258
88
-94
-228
-330
217
-146
58
-284
106
164
90
-95
80
354
-42
102
202
-158
-446
-109
-306
-155
104
-85
222
136
231
53
234
-361
62
25
-381
-18
112
436
-291
132
218
-196
125
145
-78
-494
-515
139
177
-207
-190
177
255
-431
594
-56
31
-425
-224
-181
-94
122
-551
419
261
335
-93
-308
123
-364
97
492
300
-10
279
193
-178
-8
11
60
-73
-379
-43
-69
4
-515
78
-69
338
-123
167
-176
20
31
-50
-399
219
109
557
-242
304
396
278
10
345
-470
-12
269
-437
-42
500
-112
160
-184
222
-201
80
422
-280
255
265
-304
232
88
-289
111
-152
-273
235
81
239
-482
-86
-119
456
9
-45
-260
39
199
14
-134
-45
120
12
-464
-65
-248
318
251
216
323
-36
-105
-237
-327
217
-379
-17
305
107
14
491
24
-162
139
98
76
-116
-25
55
-215
-453
303
5
54
338
352
298
270
-558
-382
-53
166
-156
126
-510
435
-192
117
-234
161
-157
62
165
-340
-347
458
203
62
144
-88
130
89
589
-157
-180
-239
89
-376
-229
-79
-22
253
-23
30
204
-157
97
-154
22
-244
69
40
-141
-319
210
39
365
414
26
-132
-262
63
6
-422
34
-150
-327
-188
5
-30
-157
-63
266
-412
593
-183
-329
-238
-178
-467
327
-21
-501
-9
-221
-150
261
8
121
212
229
-6
34
113
-384
-562
-330
243
-391
492
25
49
207
467
-250
39
-202
141
-346
245
148
266
263
309
-435
38
366
-224
367
172
42
-75
-1
238
-160
132
284
-303
-308
243
137
-482
-493
67
-151
-70
176
140
277
164
-108
-324
128
209
13
-76
485
470
233
476
314
-356
-147
225
358
522
159
-357
158
241
340
1
-81
143
-494
-332
30
-127
-126
-169
82
274
-293
404
-215
102
270
308
135
5
-33
716
-46
123
86
132
-244
110
-226
600
373
-43
-328
-437
48
-50
-171
-90
-2
305
-63
-562
339
-135
195
705
208
-265
246
129
506
96
213
-238
-345
15
139
302
-268
149
-73
-302
111
309
495
-163
-313
105
633
71
263
363
69
-237
-327
-192
33
285
-306
-175
159
-239
-319
-189
194
-98
-37
129
32
87
27
198
184
-30
71
-608
-56
842
-517
-223
-311
-55
-10
227
-375
89
-97
-377
-447
-259
-181
-3
-106
-216
36
-295
-292
48
138
181
349
-342
16
265
-112
-58
239
-42
-47
-153
-170
197
-175
-20
-420
100
53
-55
186
543
-284
-174
-280
95
306
-141
-130
207
-139
-467
94
302
159
-518
-425
24
233
-24
-71
-150
162
-328
83
258
410
239
-16
259
-62
405
149
-500
-20
96
-17
-94
267
286
207
-155
6
-347
604
100
75
331
177
-257
95
-357
-137
366
171
-140
-14
-265
115
-24
-530
25
-421
-47
-337
110
28
352
145
-78
-563
46
-129
569
73
-295
-163
346
324
-78
-89
-102
302
-96
192
90
-48
-213
177
-149
-190
-97
48
11
-9
268
-318
-322
-22
301
393
-164
-751
280
-246
-253
628
-119
-199
87
-211
-376
-390
211
142
365
43
255
303
-25
-47
525
334
-229
211
91
-148
406
-236
249
-192
-302
-858
53
34
-323
421
309
568
74
-141
-302
-317
220
-490
282
77
-130
-447
-117
171
115
-72
95
65
-61
-171
21
-54
367
-374
347
-348
-60
-144
-107
197
-288
325
68
65
285
218
-342
338
186
541
-185
-78
-278
33
13
47
162
-230
151
-222
240
-199
115
360
-205
-201
-129
-208
515
206
-115
-22
-112
-98
9
-322
-60
71
-294
222
328
-88
-238
-1
284
263
-43
-166
547
-5
-584
-344
240
221
342
-362
-334
-492
-179
-341
-249
14
-31
-99
212
-163
-191
-407
329
-282
-231
-115
130
-150
174
496
234
-238
-199
8
196
277
-177
-357
105
-11
200
225
-206
-115
-106
-12
106
-317
290
155
472
-103
392
-552
39
509
65
1
546
-295
246
-125
158
62
363
79
35
-115
-59
89
207
60
-291
183
125
-445
79
-128
-143
-128
309
-7
-275
156
129
219
-238
227
-339
124
-26
175
-289
-463
-136
-368
-164
-39
-254
360
-194
400
-529
232
42
-91
308
82
-30
-12
-41
625
5
32
-352
206
-109
-121
-39
-157
-303
-728
-41
-235
-190
166
-170
-284
263
296
250
-73
493
-250
-169
124
156
-158
-107
-55
-221
-27
187
-34
-84
-319
-237
205
132
214
128
212
251
-307
-47
-94
-165
288
-30
472
-80
-248
-310
-145
228
-198
-585
225
-483
32
497
114
52
174
13
5
206
-127
-454
525
23
397
314
16
-223
-203
-45
-421
-5
-285
-197
419
-74
-199
-382
-539
-51
-99
350
-323
-251
-86
166
-156
-291
-273
22
-153
-15
-143
44
-235
-405
-16
-478
-4
473
133
85
219
71
305
4
-301
548
61
107
-91
350
-672
-116
-175
29
83
200
-191
-41
131
265
472
-414
234
325
24
153
-25
-161
533
-257
-174
92
-285
-338
736
96
106
30
324
-432
190
-317
492
-105
232
-76
