-458
-455
-565
333
38
402
189
388
-204
400
-459
-25
-112
-231
-1069
-71
421
292
1
-277
497
329
-295
101
-403
495
-409
-546
97
-151
319
-52
99
-186
-204
410
29
638
30
126
629
-403
17
-458
638
545
-61
-322
-67
283
339
-123
296
-60
264
172
-273
-336
-284
441
416
-413
-586
599
-106
-523
-756
260
341
235
-481
195
-326
-537
-458
83
-110
-125
120
-598
313
-373
646
-563
550
-234
-146
-242
297
-463
118
-263
-521
-83
549
125
-31
369
242
-197
-321
533
-165
-646
-480
-648
-75
822
422
-311
-720
30
509
-418
176
109
-119
-306
-509
-4
240
790
-279
187
-156
-381
-338
151
-47
-56
120
-544
213
454
-352
879
403
21
326
255
-281
-167
173
92
-174
-56
-215
680
-161
-967
320
-256
0
-279
568
-469
-136
-556
-314
-21
-631
-222
-38
77
-446
502
-639
146
-55
401
286
-512
-332
-368
376
137
-614
-49
-258
725
402
-629
159
-641
-321
-171
-343
681
-157
247
386
168
-304
-216
436
322
-10
413
-194
11
97
449
-495
-240
17
-354
-585
-381
283
-755
52
-138
-189
202
-528
39
488
60
-289
82
139
407
-84
34
-402
144
-112
520
-15
231
-134
723
789
-484
256
931
-369
358
544
243
-181
-643
434
199
722
148
-790
-3
-330
136
162
303
251
-207
-253
451
841
-94
345
-30
-421
-731
622
881
195
-354
-271
-96
-575
758
91
-223
-124
305
-228
86
-107
60
-315
-205
-238
-273
504
177
282
-273
93
-181
-76
228
-315
225
207
-6
-212
188
-226
-146
247
-419
-227
152
118
-365
-219
149
-18
-135
437
355
110
34
-279
125
178
363
-310
212
612
-600
-412
-157
-264
-77
582
-106
198
-53
653
-233
-329
-50
227
-199
-283
-792
218
146
466
409
-490
26
-113
-131
-347
364
117
-195
-473
25
-60
-214
-167
82
-583
316
-530
-6
400
42
-396
423
271
-242
-226
-530
340
-441
-124
-121
-725
167
-32
-103
41
182
-472
-350
-341
409
316
183
-162
476
-625
-251
251
496
172
330
-112
374
507
55
-132
646
-17
764
130
-262
250
-185
335
209
-182
-278
-1
136
-245
-203
937
401
-781
877
111
-87
786
415
-714
-48
-590
574
225
558
-302
-93
-435
717
-109
292
-133
528
2
-276
-124
-198
461
417
-401
-534
-440
598
-25
589
-685
2
148
284
-308
-130
504
-202
328
285
-144
183
-38
373
-641
-292
-487
172
-43
-200
-561
329
-97
246
-395
-2
-54
65
-42
348
-141
-770
-808
-283
61
-252
-522
154
173
38
-300
-239
864
262
-66
59
-6
-425
115
95
136
464
-161
-280
-108
-40
318
319
238
-713
611
145
-271
-308
116
-57
-382
-298
376
-122
327
177
263
533
210
81
-401
93
505
163
-272
-439
-36
107
-8
-257
-103
169
-305
100
-323
555
409
-551
-369
49
-218
-161
-54
-338
-161
-180
305
182
-192
-363
129
102
-422
-631
226
-302
-56
-101
-265
92
187
171
-218
38
294
-115
-476
181
263
-174
-112
609
-210
2
115
-671
182
-407
-549
544
413
-379
-8
16
-370
41
438
-10
-108
-426
-313
292
436
-190
-442
245
243
85
72
-114
565
-729
40
-386
-47
393
-24
23
-415
501
-157
-460
218
411
-327
-177
119
-383
384
-191
-89
233
-423
113
-55
-355
152
-70
-488
258
-229
-404
287
-3
-89
-131
674
215
898
-154
223
67
-163
-282
436
-464
485
-234
686
15
451
-107
389
82
-264
-91
-85
36
-122
136
463
-415
64
370
279
-476
-46
-165
-119
-1
-567
-465
-108
-299
14
347
523
44
425
-150
802
468
567
-283
850
-223
-625
-164
108
172
-179
852
-430
-404
77
-740
81
270
-67
-231
-433
-218
203
-838
-53
-149
10
-132
-344
92
286
-442
-168
-837
-51
392
29
70
-389
-29
204
-142
379
-254
19
-417
860
153
358
-543
83
-166
-380
461
-467
204
-110
-619
-712
-240
-511
-349
-256
-790
-237
-127
-413
202
175
82
294
502
396
-211
461
-172
-40
-271
179
-1058
82
-156
-466
-207
20
12
-328
-513
841
66
-755
92
286
-48
-137
-2
256
82
-816
776
203
-119
-117
-11
100
-77
-572
380
165
-574
-90
-121
125
-766
206
-552
538
338
96
-342
253
-138
-237
-460
52
551
-317
-56
55
423
-14
-573
600
-126
-425
164
-256
498
357
88
371
-351
291
-125
27
-440
407
-102
337
-351
10
35
-260
554
208
56
200
-354
-55
-181
-218
-491
-54
-14
791
-60
281
187
-40
-328
34
521
15
-221
-169
-464
-193
320
-20
-503
497
-442
-100
-577
157
-375
155
321
78
-155
272
-236
-181
-124
-894
92
370
-364
-189
237
-632
341
298
-124
-968
191
41
401
468
-788
140
59
-65
116
434
-158
346
-150
-80
207
-37
457
-233
-16
-79
400
1
576
192
-226
860
255
59
21
-452
200
166
-523
565
-276
-102
29
-57
943
65
392
-339
-118
374
-173
147
11
404
-56
-449
-27
321
773
90
-483
-471
82
172
82
-164
359
-679
-234
-781
-273
-279
-435
-252
71
-24
92
-15
388
-46
936
-187
-121
413
-287
-472
-226
-271
-62
199
-612
57
421
47
-85
-302
-483
-82
-72
142
-393
380
143
-76
184
-206
439
-420
205
-351
25
30
-56
-110
435
103
987
115
-139
263
351
-686
100
-266
-194
-542
-135
87
-244
-141
115
17
311
231
-146
2
-172
610
189
-257
668
-144
366
192
-298
-421
515
454
154
20
-467
329
160
213
-579
62
-223
-324
-321
-95
735
411
-317
336
666
453
662
-86
-216
-394
616
-465
52
-584
246
-241
-146
136
394
429
124
474
176
193
-236
1041
-103
383
-378
143
-253
-262
433
84
378
360
-150
-618
4
382
-750
91
153
270
156
594
750
49
344
-91
537
288
-41
408
-151
-504
-36
-318
64
174
-181
13
321
-578
-106
-63
-49
-874
365
-166
138
-147
124
385
-686
321
411
-126
1156
-543
96
261
140
-168
227
-317
-397
128
559
546
376
-189
37
30
159
-351
575
15
55
-480
-568
480
-434
105
-339
91
-189
-401
-62
62
-130
-139
-34
-398
1123
42
-116
66
-232
-1232
16
58
-67
58
-33
319
155
89
-920
-587
-350
119
141
89
-185
-700
-892
460
5
214
39
-511
-269
159
-342
206
-243
-507
381
-90
123
-202
-102
22
-148
-234
102
93
-203
123
358
-388
228
-64
774
174
72
-349
155
-233
426
244
-182
-351
1113
-385
-385
-10
-187
-222
-224
-272
-167
168
633
-59
-527
187
142
279
596
-82
262
458
-371
140
328
-373
92
-133
43
208
127
-207
123
-581
-47
-595
338
-145
332
185
547
111
330
-192
180
297
-933
159
-583
280
100
-413
497
-98
429
232
-329
-77
770
-199
332
104
372
291
58
167
362
392
-287
-418
446
258
-303
866
-159
-196
-202
437
-352
-341
-329
286
-295
147
-431
-265
-578
-113
-118
102
-95
-563
438
-464
300
-687
-467
56
192
-781
-9
208
-111
-620
-189
581
-476
-121
-382
100
123
-98
15
177
-422
-153
132
-405
-5
161
101
-663
-391
-137
-526
-174
40
750
946
740
12
149
-825
-141
33
-405
-56
110
348
36
34
45
118
3
430
-167
-425
289
652
-384
-267
-691
384
211
-373
134
345
-400
121
19
-610
634
-294
-49
280
444
282
292
214
-131
-258
-15
-334
504
-312
-5
-516
-8
237
248
490
-338
177
87
-58
-536
165
-375
439
-182
62
470
219
164
330
-198
78
-49
87
-307
-254
-414
-618
697
60
-201
316
-641
652
870
-1
230
-695
-219
369
463
353
205
302
-240
-353
-580
-131
-650
-302
-163
-17
-566
410
121
214
-622
386
-16
-742
-42
224
752
-118
317
-230
-440
-652
-80
-318
-82
-444
-160
-56
-91
849
-469
-142
136
-225
166
-400
448
-77
639
-293
305
-470
4
174
-345
299
111
352
368
180
94
328
-651
-57
365
690
-148
-144
556
-627
310
-31
-364
-20
-95
-471
20
221
-42
32
75
108
232
335
499
-775
-124
450
-252
307
755
-454
93
292
134
-530
64
-42
-447
-49
-297
219
-170
-228
465
-24
33
-229
361
26
-546
436
-192
-259
121
-268
-318
137
582
-547
-72
228
508
-123
410
359
271
186
107
-388
-490
-32
337
-738
-722
533
20
45
175
-447
-606
-46
-284
104
376
-75
154
-70
634
-392
-285
-404
-481
191
-88
27
635
230
303
174
288
-296
31
415
366
-350
477
-260
-229
105
-675
-190
303
13
567
518
-770
465
-17
228
-167
-463
438
213
125
-105
232
-281
325
172
306
-3
-43
-735
-33
-378
463
304
-798
486
-104
-295
-719
-460
-150
429
24
-140
-538
-12
592
-276
64
114
142
-842
-411
895
173
118
3
-42
-180
-91
-332
387
65
-456
182
103
-102
-221
29
187
483
216
34
86
407
0
-193
255
724
-401
-386
46
368
535
-104
-161
38
-231
524
-695
114
76
-86
491
661
357
152
118
403
-383
-942
524
-173
7
-693
-94
-174
58
66
22
-19
119
-573
499
772
-686
-81
440
-246
-119
1149
343
-591
6
320
231
169
-148
487
383
-106
-688
252
-14
-228
-283
-147
-42
-467
397
-583
151
-149
252
-14
101
-552
18
-317
-688
-236
71
469
-377
-2
-146
360
72
-82
-236
-387
-44
192
26
384
119
-78
288
227
-142
-92
803
-435
964
706
-415
588
-647
135
270
681
-206
321
89
175
112
444
-514
205
416
-127
-556
670
-246
216
-39
-653
327
216
211
80
-216
-88
-246
-144
765
616
-105
-520
217
105
82
-229
736
458
128
234
-229
113
-355
420
-309
609
147
69
-22
605
-576
-252
-549
459
498
579
529
-480
275
181
245
-209
-16
251
260
-117
-721
286
-239
222
51
501
634
-329
-232
-198
-206
107
317
-244
-360
-570
10
-175
1038
449
234
21
206
13
119
522
207
151
-571
315
78
-126
-22
-366
131
262
-392
-374
356
-219
-537
7
1041
-149
371
771
-456
-155
-968
-63
306
-148
-458
-47
263
23
-311
173
125
-312
-375
299
116
281
-157
-661
733
285
-41
-278
-514
-84
18
-413
-580
484
-183
-135
-91
632
-439
166
121
-170
-594
390
479
-647
-158
-174
-236
137
-31
348
-205
-662
-338
-338
-182
-74
769
-317
265
232
345
-118
564
-300
773
-35
-385
-490
358
-324
-296
-236
-545
-599
-163
359
-877
579
-278
-150
-566
422
-100
732
156
-206
276
423
272
-90
-223
314
276
-477
76
437
63
-243
-105
534
-195
246
-16
-220
-105
-92
244
190
-508
-433
279
109
-157
46
775
-433
236
241
-89
326
156
150
-132
-24
-289
309
-440
-135
364
-743
-369
482
310
-335
467
-651
45
-312
-388
106
-265
251
374
-185
258
-344
324
796
65
334
340
301
-161
-85
49
476
107
-324
-622
-224
491
651
143
136
33
-638
34
197
163
-707
385
108
114
129
-709
164
73
113
305
-311
259
239
-144
258
40
-416
-510
540
143
-10
431
30
-628
46
513
57
-517
-487
631
-614
-143
-235
-206
716
41
202
-306
275
56
-386
112
342
-38
-610
55
10
-159
410
344
28
114
-480
-256
-91
454
-123
-20
173
567
299
279
397
328
-327
220
-669
-98
201
74
-254
-135
-35
100
0
-290
-148
-296
-365
-721
727
-355
791
117
-69
373
-490
408
-95
-314
336
-234
245
52
60
-180
-582
-53
25
441
439
215
-531
-436
-213
-316
-40
399
-476
189
270
736
500
-394
484
-22
438
-31
-287
484
764
-211
141
-194
589
381
48
298
166
614
371
330
214
-143
391
-110
-378
198
-93
246
-639
352
185
42
-239
-454
-224
0
-120
-141
901
491
-832
-660
216
-333
381
448
181
-41
-715
59
-207
53
-851
-245
-298
101
-94
-618
219
-84
-546
518
-446
-325
553
458
192
448
554
-62
128
-151
-271
641
-53
457
-810
288
748
209
-196
152
-590
-159
654
91
-536
-46
-23
688
532
-319
21
-276
775
112
-280
19
19
458
57
484
74
197
-84
-669
-83
-475
-339
210
22
226
24
92
131
-306
94
-324
377
8
-358
50
-124
265
334
-432
266
-174
69
507
362
627
-19
203
146
33
-485
177
431
120
-194
-248
-245
-525
539
254
-244
-530
494
-173
94
-419
-364
-199
428
-800
268
-218
-123
834
329
51
-279
64
485
216
-6
356
15
-88
-129
197
-736
-109
-227
178
-489
-250
-10
281
169
275
125
392
232
-113
-421
421
-855
-81
-72
-108
-826
-270
387
-606
-307
-454
756
-123
147
690
155
-348
-530
-443
-674
448
413
-133
-271
294
-129
-686
-555
193
-83
18
508
204
-517
92
141
132
-11
-231
-95
95
407
-77
239
-309
-382
-65
-475
-9
252
450
270
-818
-141
-326
-144
-695
585
241
370
132
-325
-369
-48
71
127
253
-291
-22
-416
-475
9
-244
335
283
146
384
256
675
369
-175
342
92
-601
26
-618
20
-606
228
344
85
218
593
65
19
147
-12
-57
-347
-169
-167
-568
49
-408
-85
-77
200
-194
-224
317
-78
-406
-987
-255
49
-447
609
210
366
115
-233
-188
138
238
72
-234
-578
4
66
43
-508
140
-66
33
107
437
218
185
210
-91
280
-586
159
-383
266
586
362
22
52
-285
69
250
394
-298
-132
300
-42
-379
668
458
-130
133
-105
-291
-812
-641
240
312
-198
-263
-100
-133
-159
923
468
-265
-62
182
470
275
43
284
398
115
938
-623
557
517
-379
37
-120
17
-314
-477
-69
421
-146
211
0
-551
610
563
409
-178
279
251
-140
258
-35
-398
-29
-406
453
634
-276
-128
212
-825
82
-615
250
289
-259
-652
32
280
134
289
-844
224
-168
48
-266
-308
100
-501
382
-349
69
-141
51
469
35
-516
-74
313
564
-392
332
820
274
168
417
116
118
-161
139
-397
404
792
162
135
128
-338
-156
231
-126
-648
917
376
263
-288
-80
-102
313
-851
-850
279
-418
343
-931
-6
-771
462
-79
357
-217
-470
-41
-542
-340
26
634
24
-722
502
-230
-303
-341
-102
59
411
-212
-187
-103
236
-563
639
-370
-149
587
-239
790
555
621
-15
-346
286
-156
147
-91
262
212
29
-221
-165
102
167
89
170
-142
-689
-451
893
-348
387
-242
-17
882
236
77
66
131
221
617
361
226
120
-188
-928
102
246
-220
-177
366
29
310
107
222
63
-306
-318
46
119
-190
-360
192
388
-237
-367
57
0
210
425
210
349
299
-247
532
332
-183
-165
274
-125
255
272
-73
238
43
-236
-400
18
-92
647
303
-124
209
385
145
-367
330
29
437
509
49
58
-268
288
111
-536
448
314
636
-567
132
866
109
215
-353
-20
70
28
691
-218
30
-230
502
-105
-75
4
-138
-83
-175
-237
-120
533
476
471
258
-651
-422
419
-260
75
-282
58
-97
526
178
75
-117
-388
141
-505
-4
179
-367
142
149
-369
-261
-113
-423
34
20
225
-308
111
-423
837
299
-712
198
75
757
395
-225
62
-459
-793
-518
229
457
189
-409
350
-63
91
462
183
509
44
134
155
-84
658
32
-385
-558
-143
-109
70
33
122
-425
-65
-516
-313
663
-122
-131
-247
-76
-343
-260
410
-315
287
192
624
238
221
19
-124
159
448
-89
544
353
-393
695
-654
-263
548
202
205
590
651
-523
280
113
-689
327
-26
-216
-286
186
348
361
54
-97
410
-318
-308
-69
428
72
-117
-193
94
92
57
-339
-566
-2
300
-665
-18
793
-89
541
103
943
-267
617
-587
-184
-231
118
-115
104
108
449
230
-245
217
1183
69
685
-408
156
-346
273
-682
-657
-14
-182
334
-856
349
257
383
464
-24
-111
-634
516
-125
-17
164
-460
-117
397
565
-524
23
743
-318
-243
-10
-49
-229
-461
245
745
768
-251
-852
324
587
300
-25
-219
222
227
168
-17
-394
132
15
-333
31
-474
658
449
41
740
390
475
190
768
116
34
-362
-199
-539
264
71
245
-177
-22
-102
-121
243
34
394
519
-29
29
312
316
-49
201
-128
-584
131
-227
61
-95
-393
-30
131
-119
-128
3
213
-149
-89
240
-31
271
-261
-81
179
201
-99
-224
-45
102
200
-74
197
-89
-64
-634
38
-178
65
187
273
449
241
225
488
1
-394
97
403
36
28
-292
447
285
-217
566
139
-243
439
306
264
-181
-702
-68
-176
-289
-92
334
141
-182
-111
38
226
435
423
-370
-266
-468
18
-308
-132
-245
158
117
244
-484
15
-498
349
630
337
-64
384
387
204
-420
56
121
-173
-47
-333
-296
-319
187
-106
109
-267
229
-322
169
654
-670
-560
-417
87
242
266
514
-708
207
-94
374
186
54
-265
-386
89
168
-80
-682
37
-177
-42
-432
-111
-283
-193
-128
866
-147
-191
143
63
-17
-235
51
-488
-752
22
-418
-443
100
174
413
-95
-64
-802
-670
-195
-255
274
-381
30
815
-349
204
315
203
-272
767
-674
443
59
-162
-108
-387
780
-417
-182
274
-124
-187
144
-584
44
-503
-288
-371
251
232
287
-310
338
-324
27
236
-393
161
80
686
-124
-518
434
144
88
69
-84
498
-37
-152
361
114
103
-205
500
-130
-347
281
-317
700
-324
194
-321
-136
-177
58
9
475
74
-268
242
64
258
-6
-454
-380
-18
59
716
287
25
-177
-147
223
4
11
194
96
-116
-11
201
102
61
-582
516
389
-467
236
-264
147
94
-226
-509
-193
60
392
192
213
-22
-446
-214
327
-478
-384
472
44
45
89
-70
71
617
536
234
-370
221
136
353
-326
436
463
322
-462
-110
-272
83
136
-103
160
-338
-226
116
929
-52
-388
-644
1
166
795
-150
249
-305
324
-133
93
-217
-21
-178
-155
-404
280
621
314
583
18
217
211
31
-168
-341
110
-88
-636
896
245
224
663
545
-81
-380
91
-228
-620
469
357
-443
245
-282
190
13
112
284
-360
344
-36
908
-394
-457
55
-678
119
359
-108
215
598
230
-999
721
-502
-189
-238
-242
-396
486
21
54
47
34
-415
-180
403
-399
-406
43
-159
-123
-35
-171
-173
-220
-263
248
-43
370
60
-175
-721
-303
-55
-243
61
141
-414
227
-458
-84
375
-251
36
-214
-59
437
-412
282
-323
119
179
0
336
30
-150
-184
-239
791
270
-707
-44
-138
-182
132
-241
-1138
-162
344
-3
295
-220
132
-110
1096
-301
-301
149
-226
-359
-497
-359
9
-405
482
-210
-1066
385
423
-627
-449
126
150
28
69
185
20
-338
261
360
-25
198
-630
-48
-411
31
-268
45
242
-134
-229
419
613
451
-218
-126
262
53
89
97
-475
-37
144
-69
589
-143
-394
630
140
-102
277
595
-620
511
-823
-126
363
-631
282
-75
-271
-383
-203
138
29
404
205
-734
242
439
202
-1107
240
-127
67
190
256
-240
-418
870
884
356
-96
-212
-784
-149
348
360
-173
144
-320
97
443
-471
-101
66
108
-105
-96
331
-262
-478
-583
-321
-694
-743
407
357
57
-270
55
82
-184
4
-301
-327
-327
203
-859
701
-492
106
442
183
-441
-445
-501
503
-521
-752
-39
154
-219
73
125
-163
-51
379
-259
-333
247
-1250
1209
243
36
-260
-44
-124
-269
-95
231
-249
84
-304
-41
-388
474
259
163
248
224
274
-208
-212
-16
89
362
22
130
383
-95
74
-68
180
39
36
-168
71
315
180
-79
-279
215
-153
34
-501
-63
26
-513
-232
-50
-104
-460
-491
343
-188
-381
168
-116
176
-281
63
330
318
63
11
77
-62
402
-350
-257
109
355
350
245
-215
130
87
8
-34
-34
622
-299
379
213
-461
-297
223
222
-16
310
266
-4
-173
-279
-86
267
435
296
11
371
-228
561
-495
580
531
0
516
-351
-243
-226
-210
187
-334
393
209
-919
-645
-92
-447
425
593
-458
730
-652
191
261
-573
468
-510
521
-45
50
-138
-169
25
-22
-344
81
-331
122
-280
-450
-308
320
112
422
1237
-565
-74
-353
193
135
43
-589
-380
-729
420
-498
-160
310
-226
316
471
-79
123
-130
314
-306
-270
-207
-365
884
65
474
-65
-827
157
691
-156
-69
46
-4
-329
-47
383
91
-109
-502
11
-620
178
-350
44
158
374
164
-580
34
184
70
-594
-340
-81
-148
6
209
102
457
702
-106
-204
486
260
514
-215
500
37
32
551
46
-257
-388
285
507
-207
-123
-388
329
259
164
481
333
356
10
-351
34
-215
60
96
-488
295
366
-337
-202
-713
-664
1143
421
8
67
-68
-201
20
391
2
-497
51
319
678
255
-318
-83
-145
-488
-515
-905
230
325
-85
-451
-31
-138
-270
-143
-251
-82
-105
-119
326
155
-440
260
388
146
342
-758
676
61
304
-168
-371
-23
-5
-681
-414
-188
-176
236
-32
421
-77
543
-623
-578
246
207
-425
-120
-414
-402
83
-713
-501
-307
459
-47
217
130
314
-364
597
296
2
-447
629
-308
173
-293
616
-244
-63
-331
628
-873
309
-754
415
93
300
209
-330
567
-99
-379
-873
96
-358
-58
-572
-317
306
-121
65
240
389
214
3
-214
34
423
-286
142
349
412
-857
470
-266
-431
-482
453
144
27
232
-641
276
-478
215
556
-212
458
-28
538
-239
82
-129
132
256
-400
-1044
369
-286
-361
-93
347
67
522
-360
-480
-148
-286
-197
-184
57
-303
-709
413
-181
-494
-226
359
968
-720
519
-204
61
-119
-610
0
350
-167
-456
-158
-699
629
-889
57
143
140
-332
-758
-454
30
150
263
183
-497
-297
-400
-32
295
-170
387
-382
378
631
-584
-551
291
-452
170
-182
234
414
-291
27
729
-197
-292
-179
-491
192
-45
216
-96
-162
75
-233
-172
651
743
-158
374
-546
455
706
31
-216
-51
-249
-214
172
772
168
-361
-300
170
308
557
-459
633
-510
-801
-596
485
-103
144
760
-37
-353
-152
-272
748
602
257
573
89
87
-188
-459
308
81
669
260
-335
324
142
290
189
1
-401
-235
716
-425
325
190
-364
467
136
331
-420
-65
36
73
154
-288
44
-636
-278
143
-38
173
-262
-599
271
83
-215
-352
-215
181
329
285
20
1123
-244
-480
260
-705
-388
-490
482
-197
53
292
306
-507
-239
-423
-631
106
-578
439
-21
48
-208
738
434
156
-316
-87
258
-105
58
230
84
314
519
47
329
-72
396
232
43
-402
512
-92
-101
85
-142
354
-368
592
-474
228
-792
-117
555
163
309
-284
-111
-61
293
-36
121
223
-110
-118
216
359
390
635
-352
-3
-505
437
734
451
271
76
-528
-347
259
609
293
-307
-1199
126
0
45
-246
-362
-270
645
789
-463
-363
153
28
63
-547
-103
-791
-827
221
-443
-38
164
80
675
-188
424
-125
217
-375
85
-291
-33
242
274
-333
287
-719
-332
-169
-657
-214
896
609
-97
-52
58
242
-553
792
-49
547
-964
-239
-57
-158
808
-165
690
-261
-6
-352
-205
-13
151
-345
866
-278
-561
687
534
327
248
-150
-10
-352
-168
-380
90
207
573
-217
6
53
-7
108
170
72
173
58
97
348
-398
-797
374
620
97
-673
102
22
35
-359
684
293
319
-725
-390
-35
745
524
-684
-328
-400
266
9
-187
-391
-183
321
-985
561
-196
-1
-131
-206
200
335
-1033
24
256
-682
-183
-14
224
-371
-215
293
-320
-337
-469
-32
398
-197
31
213
26
141
-102
-151
-534
833
69
199
-736
-17
-638
-192
341
-211
231
-155
-451
-24
487
-49
-287
484
-206
75
172
244
182
420
301
396
318
542
326
-78
129
153
951
-240
-31
58
132
361
-210
-313
-127
-554
526
-321
735
-50
178
-19
56
172
183
-239
-287
123
-507
-386
577
-766
-576
452
-176
202
-162
321
569
165
84
184
138
40
98
-33
35
510
257
-479
-424
100
540
-572
105
75
693
-65
535
89
8
110
-488
-158
825
520
173
318
-123
97
-218
42
173
-162
-129
-81
-616
-106
-68
57
-96
985
104
472
234
-319
-225
174
-352
104
-396
-84
-360
73
-50
107
-110
335
-411
165
31
150
-132
-419
-403
123
-847
-600
191
-482
57
309
-167
14
361
-392
282
-160
-462
-298
-187
-377
-27
-82
216
641
-200
-39
501
-452
-67
690
-48
-59
446
117
-78
325
-368
-39
80
-746
-363
-39
765
55
443
236
-975
-218
-57
-465
589
-437
17
296
227
-221
-123
460
-177
-493
-78
-630
819
90
74
116
-388
-641
-136
-334
72
188
-326
270
-38
-190
112
-155
116
-463
-895
-379
66
171
284
398
-36
100
-103
-73
-298
-341
369
-522
-497
215
-590
-96
191
223
14
-650
-410
470
-210
-226
411
103
-12
316
-281
224
372
17
61
307
-78
-11
744
284
-74
341
64
-158
-494
224
-301
259
596
-145
8
457
380
161
754
154
-253
-338
235
93
-860
-581
-50
364
328
427
476
-230
18
-99
-173
-66
-385
320
489
3
101
-263
358
-164
218
330
-355
-475
-76
19
-568
-133
139
783
-375
-485
333
-468
-157
199
63
-418
13
-62
-301
26
-97
-140
324
208
495
-468
-140
227
554
80
243
-134
-272
-176
-26
245
-247
-524
304
-411
-101
-56
365
919
448
433
-462
-651
16
456
280
129
-512
689
229
222
-348
-111
110
372
147
93
-253
309
381
-479
-565
-199
86
118
-257
-521
-75
-691
-296
-189
-113
376
64
-181
866
565
-342
-653
157
243
-443
467
-185
-538
328
-156
203
319
37
310
-20
-204
-43
54
471
-648
-48
628
316
701
97
-435
-681
169
129
-78
481
-239
345
-342
747
-222
-472
58
578
-172
296
-20
-38
344
236
-23
238
190
432
263
169
675
-299
-332
-465
145
-17
-6
-139
381
-172
13
-12
384
-626
-112
-410
-60
259
539
-172
-629
159
253
161
21
628
-34
-315
-86
-286
111
20
-346
-128
-83
-382
-48
472
-346
3
-256
-201
-153
-31
199
-271
-273
-361
-311
-510
-124
-281
86
-806
-31
-130
-83
608
314
-165
-155
-126
725
-378
60
148
-317
-1
-494
-257
-372
-649
122
-421
382
391
316
192
266
160
533
-70
425
-285
71
-236
343
296
648
125
-114
-227
459
308
-496
-384
-30
-392
259
-426
-745
-24
192
-671
-284
563
589
25
369
28
42
-364
-370
133
281
225
398
-689
-571
512
123
-306
-450
311
1037
368
9
-544
251
164
362
-343
-416
-271
-278
796
559
-205
33
-328
-445
119
-273
152
-419
-137
-115
43
505
-141
421
93
-325
98
180
-183
-106
841
-230
-69
-38
-745
-382
-86
-298
-329
-60
477
111
-266
-534
-383
200
508
44
144
-21
-355
-325
264
123
-339
-81
214
-189
-94
-119
59
-166
513
-705
99
-706
244
213
159
-17
309
-117
-347
165
-205
-387
26
-326
-222
-169
632
248
339
804
-353
-142
507
565
-54
127
-790
-208
527
-399
-776
818
-314
814
-174
-208
-13
-135
-57
-187
174
79
-498
-259
284
5
240
-226
309
428
33
-435
331
-137
-757
-4
-842
29
-275
290
-338
545
572
587
836
178
146
259
-444
347
188
-674
-298
-131
-123
258
-80
-178
34
6
-117
-595
292
238
32
205
-506
566
131
68
-119
-924
225
-752
-210
300
-730
-55
-33
93
190
-91
-63
742
139
164
161
170
-179
-114
-332
-128
77
70
-79
943
49
-16
-748
455
-40
205
181
143
-621
424
98
388
18
-469
-453
-252
-122
155
-482
-299
177
320
-173
-104
190
792
-230
-4
283
142
-642
-682
651
-622
-35
-766
-282
-13
-368
-1148
-185
201
-121
-92
-328
382
127
-309
-480
-59
74
210
516
463
241
-212
737
-386
-3
153
-161
191
-466
100
-311
379
91
149
448
-332
229
-172
430
489
-671
135
14
-183
-29
95
-285
298
675
-504
576
-298
416
-474
188
150
76
556
183
140
-312
-158
671
23
113
134
-16
294
-32
-944
-75
-432
66
60
-288
-46
488
-383
216
-31
723
-332
-247
-221
487
-261
294
-536
-364
-473
386
13
-340
158
-336
-633
-169
155
-274
373
43
255
544
-391
386
200
373
-6
40
245
-310
-700
212
27
303
-141
-606
-316
-410
-20
-16
-108
353
-305
237
383
603
-131
-259
-212
105
9
-110
357
-231
-200
17
-253
-317
410
448
291
-409
-69
268
95
35
-566
671
308
291
-66
674
53
242
219
472
581
95
503
-126
-43
-819
-159
160
675
31
-118
220
71
70
27
-249
226
-267
-24
241
416
-352
-113
276
444
-267
-306
428
-302
-175
-232
-59
-276
186
-118
12
153
248
-604
197
-86
-513
-273
422
75
-212
999
483
280
-143
-108
-205
-3
-479
-99
-743
87
-112
73
98
402
41
-327
326
414
-560
356
-51
-545
790
-371
-450
-138
12
374
-105
-951
493
-500
692
-106
-176
-191
-209
514
-662
549
-102
656
576
-238
17
-43
-69
305
19
-192
-105
717
-804
186
-196
-82
366
-177
-197
165
-208
-780
648
-83
333
-106
382
-250
500
-280
573
-811
-92
-274
-335
-52
498
205
-64
-396
425
332
-668
-773
-334
386
-662
-39
583
-395
-445
-349
-366
478
-57
60
-364
-44
520
-458
-188
-250
328
979
-440
1099
5
-49
498
-144
89
-445
325
17
-1055
21
448
352
376
-158
293
-504
227
-358
-550
475
10
218
779
-73
405
-212
-282
354
-65
-1106
-41
-461
1325
-167
-170
-35
104
154
-216
308
-412
59
-878
-453
335
810
557
284
241
265
-400
-574
63
-18
-699
-271
-49
-266
-9
-715
-88
-148
23
491
-115
84
235
665
-134
-863
-230
-246
446
546
102
205
-560
-85
238
-188
184
134
157
279
-569
-1143
-274
-147
-57
141
115
-42
-535
205
194
-581
291
19
-988
444
-205
31
497
102
167
25
-340
-61
-95
245
354
-256
-73
-303
-36
-306
-176
-34
309
-41
-546
-154
-491
-232
650
28
76
86
-88
987
166
539
-168
-107
-253
313
-218
-123
-310
220
785
-498
-125
-567
10
-505
-239
752
-174
277
-188
-89
-751
-769
-163
-589
345
-671
86
-6
51
321
-152
229
153
117
-152
662
-450
196
62
231
-824
-893
88
-1
-625
367
-57
95
406
152
567
278
-301
-739
293
-63
612
-266
366
-20
-248
1028
-19
353
-693
193
-401
11
626
-73
103
344
666
308
-12
542
-333
-469
-112
-368
251
264
246
-247
-789
504
-377
-724
181
43
597
-210
386
75
532
-610
-39
-196
-129
-570
-620
482
-632
645
-286
165
-820
213
-270
-618
282
26
-339
360
-1163
-149
207
-484
422
-383
-698
-283
669
-973
435
2
553
-30
-139
401
-301
-104
-465
-151
-104
-5
-767
186
-68
-412
-69
-850
338
-693
-766
198
-113
-95
-344
351
-109
11
-84
-256
34
424
127
368
-65
-272
-294
-281
273
230
-28
238
482
-189
-188
-298
-257
146
245
384
35
262
298
-174
227
-706
69
302
-274
-224
-8
31
-535
-232
355
427
599
-150
95
-647
44
243
116
-758
-282
109
399
-71
-99
832
129
5
186
-124
37
-687
108
-650
-775
754
-362
-424
558
-131
501
-288
404
-47
38
-179
293
648
163
-351
-36
-169
88
191
-527
473
827
-61
589
-296
120
6
489
-86
-218
-219
270
-189
-241
-417
133
39
17
212
-41
-174
124
-125
-165
761
1263
-189
131
323
-46
91
738
-94
-151
469
-246
98
-627
461
-162
-761
-645
-28
493
508
801
98
115
-602
-45
12
263
280
67
22
306
-88
511
-135
357
-760
-462
-62
731
4
204
53
386
464
84
513
-236
-308
-1024
449
1323
-249
-599
158
460
419
534
305
358
-580
311
-95
495
673
-265
652
301
48
992
-118
-484
-480
-446
-235
762
116
-107
-736
-107
-93
-214
635
135
-239
-8
-552
323
-17
95
31
498
519
402
65
84
225
-94
186
318
-96
-193
88
-305
-866
206
53
-611
648
441
311
-725
139
162
523
-443
-8
-125
-112
-477
71
112
-454
-256
182
-677
-193
-477
-93
35
431
-395
256
-83
30
114
-216
-429
-498
-149
-182
246
-118
36
-81
129
-318
-82
-103
397
-170
-387
-298
-18
752
-46
-217
161
-578
334
-455
-292
-223
236
-248
58
46
364
-209
-222
-363
157
-178
-88
-536
25
10
85
-41
-673
20
187
403
-830
-57
-382
-333
489
-677
544
205
-301
-25
544
76
31
-406
-175
237
273
413
-185
298
196
-22
117
402
-527
-111
452
415
-200
-447
-116
-347
193
767
-881
263
941
-472
114
363
188
-280
131
132
318
135
-62
-49
-741
-372
-660
256
917
75
-98
-119
-348
241
234
458
10
-489
454
-392
372
-295
341
821
-476
150
217
-145
-132
789
-608
281
-234
-245
240
-441
-431
-572
245
166
54
207
-210
-213
-77
-88
-87
-542
188
152
-15
104
-690
202
-381
-998
436
83
-114
217
-50
-224
59
-488
-233
-309
-25
26
-328
147
153
-465
-58
-57
327
-512
-1012
693
4
-82
654
-477
-81
-276
839
572
434
-520
-129
13
782
-175
-626
-102
46
243
-794
958
414
-321
-194
354
-393
-559
-1010
-283
-108
-161
-430
455
-27
-39
-155
-101
-413
652
-1
-188
47
226
-510
-39
403
49
-187
26
3
-5
-271
-355
155
-499
-239
-18
-426
-26
377
391
-105
217
714
-173
3
-209
201
-492
523
246
225
455
-220
-484
378
837
-57
-224
-570
134
-205
-211
541
240
416
-496
135
-147
-2
259
-900
519
223
460
-208
-287
828
194
319
549
124
761
-489
-330
485
-194
159
-663
-36
50
1078
189
-142
420
-552
139
-31
-461
460
88
59
-423
-78
743
421
-389
225
-758
-123
817
-265
1
-397
-465
-356
-31
221
-50
-396
454
301
230
-396
175
176
177
553
-374
-151
357
35
209
-368
-283
17
214
485
737
109
179
245
-273
265
-126
90
-69
-424
358
-50
-347
-48
-640
138
-893
-69
131
486
94
-279
-341
79
44
-54
-85
-267
-101
250
252
-192
329
-200
4
-166
2
-167
1444
-5
437
85
-549
-583
313
-129
-395
112
-849
142
-537
-614
-121
475
476
-54
-124
-634
337
-429
3
229
-263
-104
357
-146
543
-24
-107
214
288
10
754
-779
-283
525
-223
240
175
508
81
119
594
97
-233
82
320
235
-383
-288
338
334
-368
486
-3
-53
180
-428
362
-126
-918
-291
87
637
75
-250
544
-33
108
357
-133
186
51
-355
127
269
850
-331
-161
752
-424
12
202
503
-57
204
-297
-468
-22
-224
-141
37
-216
-550
449
244
-195
94
236
849
442
800
-145
-34
-520
-560
-278
-804
-197
41
129
234
-386
800
416
-61
292
273
-280
588
-617
-54
114
673
150
505
-597
-411
-503
-287
-359
-146
102
34
220
-60
-353
376
205
-299
190
-489
316
-947
402
-74
163
103
-164
42
-72
382
-550
-22
464
-120
16
647
-348
126
67
-341
188
-65
-504
347
528
-358
-46
281
-703
455
107
381
-148
141
579
619
-510
129
-34
36
423
347
89
45
-164
-129
-319
-568
-479
11
-621
-1
-500
-517
287
390
-89
170
-72
154
-383
729
651
968
341
502
562
-2
-24
355
-95
-448
412
-327
336
104
-452
-36
130
-39
-88
158
-208
415
-297
469
-444
-34
-679
-92
700
-255
226
-150
422
195
555
79
167
-155
-63
350
-118
-153
-51
480
211
-564
-601
365
-53
-402
507
-274
66
857
-215
331
-73
24
296
-67
154
-316
-218
738
-13
-411
-257
-492
-125
613
-1062
107
384
32
-293
247
-158
-209
66
-52
676
-962
-141
-102
609
-70
-569
-306
-872
-63
-646
-641
178
-501
200
1066
-452
260
-263
335
10
14
-559
-7
-439
181
-426
397
-209
113
410
-325
441
-441
505
-128
-545
157
166
-584
514
488
126
156
-572
613
-565
-832
160
7
535
-173
-125
-86
447
78
289
-19
273
262
-33
-83
100
-613
635
-452
723
361
-344
-21
-540
-337
496
-585
124
172
376
194
440
-57
503
-286
-240
730
180
-351
241
-547
204
172
-681
241
-200
-316
-235
423
287
349
-34
728
154
43
32
336
-1
-50
-64
598
-411
222
174
-539
503
-237
-159
-107
304
130
-121
75
-61
-36
482
269
242
-41
377
-617
-161
136
-578
89
-29
366
751
365
490
-67
-164
238
-436
47
-188
-225
282
-244
256
-180
-161
140
414
-713
-826
-232
-237
-314
-326
407
-163
-417
-262
488
21
-5
-117
-385
633
-266
-528
551
39
324
-72
-734
-34
286
-409
-448
-57
-215
-511
-53
299
-36
-276
-304
11
-315
490
62
117
-426
-316
-198
-428
230
332
204
153
-604
-407
74
-252
9
16
-247
-244
-68
-58
-208
-426
186
-166
-209
-549
-118
196
199
352
61
-896
-102
417
-44
-220
666
51
182
-134
-29
489
-240
-38
-226
-180
33
-388
889
-163
404
10
247
-193
-948
474
26
466
276
-212
30
-130
-387
-525
-84
-86
-90
-52
42
-588
-12
404
-369
76
-346
180
277
20
29
59
-136
148
-41
-646
-589
25
-793
-453
22
-224
-133
348
118
217
-478
163
294
-601
214
340
-13
94
91
200
31
-131
-321
-67
-174
68
-366
-474
-29
127
271
-219
-330
137
255
361
-486
-289
239
-92
146
-195
-114
128
407
216
247
69
-341
-120
-404
602
69
233
401
-287
-271
-256
-355
12
492
-365
171
-31
-498
-325
109
-579
-6
28
386
-1202
-1151
-27
-112
-671
100
-587
53
119
474
290
-220
-49
-172
-367
-137
434
-223
-712
-60
-87
157
-107
-308
53
-443
646
-96
211
618
-82
-237
207
206
-188
266
403
-357
-69
48
186
190
119
288
-353
-550
-124
-21
40
368
-97
-260
-902
10
981
-392
24
-523
327
76
-302
58
-348
208
-358
-50
334
31
202
325
77
-578
62
-306
113
248
-50
471
-211
410
274
-424
-445
-124
135
202
107
54
334
544
197
44
386
76
-134
81
283
-63
-78
54
272
-642
-467
240
202
380
597
111
-446
47
537
-62
486
108
237
690
-316
169
-305
-135
393
-74
69
-712
-98
-140
-689
-75
183
590
-239
542
-695
132
-516
368
145
136
-17
250
10
96
-88
327
-240
150
326
-183
430
-101
304
-248
52
-691
240
-139
-373
-55
-366
-444
76
-97
320
-465
597
377
-126
-298
128
374
-179
195
-141
-50
-171
-177
-239
902
-368
58
898
-579
475
556
539
-242
270
-718
-266
72
-470
-55
30
-411
297
-328
-107
-642
-91
146
66
-348
303
346
-401
273
-316
-270
482
546
-116
482
286
661
-433
373
67
-667
-623
-341
-85
177
-717
-40
427
-663
-41
-75
-177
-509
62
-481
66
-65
569
275
18
407
-169
351
-236
-428
-81
-400
-167
-239
-557
469
341
-337
808
-48
-62
141
-101
107
-17
230
309
-719
-375
-296
-310
1120
-12
-273
-298
185
399
-216
475
127
205
-125
-214
-506
337
-253
71
530
215
149
-414
-379
1107
20
-353
-232
-74
-416
-190
-166
-391
637
23
-253
-227
-665
-75
429
-164
373
-178
439
-187
-726
-311
-50
-290
-250
-589
-249
-614
-89
-81
-863
220
144
768
-297
-203
57
350
286
325
116
-245
28
-217
323
446
-214
-748
-440
-353
-182
-219
125
-324
-591
-572
338
-274
722
89
-166
-157
-868
144
460
-109
309
-71
-651
56
-3
320
20
-596
-208
169
313
314
-220
105
-48
-83
1042
226
110
-58
-229
-271
-377
-226
-336
-82
-129
-874
579
260
-3
-306
161
403
236
-147
176
400
-70
-259
-202
460
14
-145
-99
491
-306
67
-122
391
296
-575
725
591
-99
184
-411
578
824
-964
-408
-89
-353
374
-99
921
-440
19
-349
-75
407
-266
-298
122
-15
262
225
-103
154
282
327
170
17
-707
687
427
24
-500
460
-177
-550
-334
-189
-443
-282
-101
138
107
-829
-181
-49
109
44
-231
-404
-417
167
213
-105
268
412
437
423
42
-443
-676
241
49
-100
-290
218
828
-207
-178
362
-182
-196
248
-548
199
-157
355
286
144
-176
118
344
87
-744
-295
250
-130
-363
36
882
-254
481
-98
114
-263
-351
688
379
-284
-543
-659
-667
-300
-304
247
690
765
-656
-225
425
98
79
198
-45
-234
367
-192
44
-13
170
105
-487
-216
-526
343
577
-249
-306
92
68
188
62
637
91
-225
360
368
-5
-269
-303
-242
229
-314
-392
301
-64
-101
362
-638
-119
-257
454
-78
94
-76
-261
-528
-150
-386
-309
114
360
369
186
-98
-280
490
-452
238
61
317
-594
-687
-269
-501
147
514
522
72
235
-454
-302
-13
902
337
-363
-55
313
53
45
-88
726
-332
-400
723
-54
-202
366
-17
-247
-247
-92
121
658
-2
-39
64
416
331
-232
58
473
-185
-26
80
492
-391
-145
426
299
56
774
361
-625
-77
253
-229
-179
130
-166
-129
291
168
-199
-458
273
235
-11
295
-11
-53
-504
-667
305
473
298
455
-313
-210
92
-291
301
255
-35
-258
-372
53
-35
280
281
656
539
168
318
701
-625
84
45
-115
108
-156
510
-23
1
-503
-85
24
-200
289
790
-43
64
-489
341
18
-454
-122
342
241
-244
291
91
251
-382
18
-644
-100
-214
459
21
279
126
21
275
-121
77
-472
588
-52
-234
131
-37
-140
519
10
212
20
178
-200
-144
159
-111
-372
-197
-124
-31
203
-542
-162
268
-598
659
-131
-28
563
196
34
940
271
-262
293
138
284
108
-139
138
-141
188
379
374
325
817
-379
-53
-31
-742
-198
-179
-231
125
101
120
375
86
520
-519
178
190
-348
-135
44
-77
373
-221
279
44
-105
198
129
78
359
-764
-19
532
-275
-133
-346
495
-519
356
-89
-719
183
151
-63
-230
-84
700
317
-107
51
57
368
197
167
-273
351
-327
-222
72
330
-355
21
633
-115
540
-467
438
37
-218
-13
-623
-155
-103
-68
291
-254
-316
-700
-396
-879
92
-838
189
915
37
413
303
286
177
-321
-13
246
158
176
-118
143
178
196
-479
-114
-863
1037
316
132
486
24
-52
362
439
-341
-783
95
352
155
-715
218
-267
16
-175
-301
181
-629
-513
-449
93
-541
412
338
141
-117
357
-404
-31
129
-271
94
-149
316
-199
486
-312
155
-75
263
213
516
620
-569
37
324
488
432
232
-64
-409
-432
-11
359
-261
-465
-263
243
-155
-178
-591
18
199
-2
-163
-685
35
-224
123
-256
275
-392
-74
29
374
-542
-601
747
-82
14
553
-281
-435
-31
-353
-171
271
21
-235
-177
106
-40
459
-623
422
494
-262
102
-140
-89
-332
-41
-251
-202
-87
-696
544
119
-75
450
-435
102
-60
-835
-17
512
669
40
367
-426
58
-5
-310
-962
-259
-37
63
-17
-146
-16
-521
-695
30
234
389
213
274
-539
82
-356
290
-243
-349
-419
-51
-32
-353
203
-356
-570
-335
-91
405
-2
-129
374
33
129
66
448
-107
403
38
-416
188
21
83
-86
316
-36
312
54
655
101
-546
-463
-332
272
323
11
85
325
929
-6
424
-448
63
-392
335
-15
-232
387
-11
481
491
427
132
60
-414
138
-21
955
-10
-239
269
582
142
-314
203
320
-302
484
1063
-365
-115
162
237
-231
468
-487
-34
-90
310
-308
85
622
-246
-899
-41
36
144
30
-44
538
-241
183
-727
101
363
218
-374
-43
-649
473
31
685
672
333
-136
354
474
-45
189
265
606
-806
-146
-120
-78
40
-299
-70
-530
362
161
-167
-103
545
346
-177
744
155
-576
-700
259
-1035
139
-120
-55
406
-539
147
-34
544
-1490
-40
-280
287
132
-608
687
-164
805
39
589
-432
-280
75
207
140
5
987
320
52
59
-1143
-398
-693
-474
-138
287
-512
-190
-278
130
-334
-133
-224
-233
-435
-418
441
-415
272
-294
-278
98
-60
-154
452
274
-271
-272
-477
208
334
-225
-766
252
-535
216
372
388
79
-203
-73
-382
-172
-389
-356
-34
-346
-522
354
-115
462
299
-268
-423
-421
-61
-422
-49
-367
269
734
-423
-357
-432
63
-543
-318
436
201
171
222
-175
-66
128
147
544
76
-30
-218
323
-271
-110
-495
216
-26
373
545
-419
307
147
215
270
-102
-12
538
106
-209
-196
-142
687
618
-36
264
221
11
-521
132
-43
-223
-110
280
243
-277
-312
-2
-274
443
-211
236
860
24
392
236
615
223
65
-243
-29
-441
-141
311
-126
-92
348
666
-457
-418
517
-22
-116
734
-297
-182
445
327
-57
-86
438
-248
-271
-500
220
37
894
479
115
152
155
474
200
-50
208
431
431
-9
-503
200
-18
133
127
59
-101
232
-579
58
205
-12
-522
-717
-212
-70
492
-360
-569
-226
-102
-960
-9
222
-227
68
-472
219
-12
-232
339
-319
-10
92
116
26
135
16
28
300
-240
-235
-642
88
367
358
66
-336
124
-277
-253
-484
-153
-287
-301
-471
356
177
-218
-112
-25
-261
319
56
57
114
-449
609
478
313
330
-218
503
-582
-279
126
319
374
-105
388
158
498
-117
-15
516
-53
399
470
-130
-129
68
176
-254
-227
-562
-425
201
-179
406
439
-131
64
238
-93
431
306
-494
-5
-321
-80
405
2
140
-306
-550
-34
499
760
377
235
-85
272
-526
-370
-315
37
532
901
-557
522
134
-449
-95
-87
-75
-103
-263
44
-798
-106
309
686
385
-440
-48
-44
545
-645
122
-77
-1097
-122
-550
-292
-78
-521
-292
-208
708
320
27
-88
96
-640
195
-242
745
63
651
-274
176
-14
-732
-420
-517
101
-327
332
-40
375
9
-106
-365
-70
-270
-290
590
-178
-415
389
-53
649
458
243
-1
-674
89
578
-385
-160
-120
-140
-14
-280
255
-118
-653
-227
-236
212
1004
-196
-28
-180
-126
-78
90
-647
-1326
543
375
-259
-281
-106
-36
113
260
-601
258
-64
308
-153
-280
191
-280
383
1060
166
-334
16
57
215
187
-243
5
-418
-141
225
-136
-263
395
-85
-358
-500
370
283
325
194
-164
-376
64
-599
-400
265
150
557
42
-601
-122
394
391
461
-229
135
-450
-139
544
195
519
-395
-111
74
-233
269
-365
492
10
138
128
-142
-281
774
319
-305
-377
-13
-935
-270
-51
246
-369
-197
-1
131
-860
-249
99
-335
-182
-51
293
37
-477
-344
119
-63
-158
153
247
-119
493
-394
-177
527
150
247
-370
-567
145
215
-8
-14
-180
213
-29
-158
385
-172
-10
246
558
-266
523
644
348
-180
125
293
-774
103
57
127
-78
-52
597
-261
531
-260
-551
185
-378
80
204
440
-140
374
-382
55
1
518
9
-79
78
436
164
200
353
-459
71
163
423
-56
337
517
56
-195
-168
193
143
258
19
-50
-122
-504
166
-328
-113
-552
254
-316
-78
-508
-124
45
-94
-539
291
-298
148
308
419
-217
383
-417
-12
530
203
375
263
-268
764
3
-24
76
-25
-156
-166
-110
-158
-1
-495
61
918
-185
-295
-32
-428
-354
92
-698
-153
181
313
316
457
70
-118
637
152
381
24
-560
8
-149
11
363
-323
114
350
-393
-9
88
628
204
-325
-91
493
-917
-169
589
84
794
-163
21
488
-389
-412
-320
-396
-293
12
-101
-514
268
338
-784
533
-110
413
240
-940
-804
-248
74
307
403
37
427
222
-525
525
408
-88
-9
23
-308
-35
283
124
-78
272
391
172
-385
195
77
-238
69
54
25
-203
16
-239
651
-90
225
-45
80
-131
287
-411
-342
-601
339
-91
-489
131
52
41
205
731
142
352
-256
-111
74
586
857
71
246
-125
-95
-335
-657
311
-372
-172
-154
290
93
102
-587
491
-441
-64
84
42
793
575
-379
47
-25
230
-388
-340
234
-250
-141
189
342
269
-137
517
241
-114
-9
-570
-246
147
-281
345
-627
-27
-72
265
-37
-49
281
533
326
-476
-59
281
50
-251
12
-502
-113
-112
-627
-112
-230
164
186
404
134
-633
-374
95
121
-400
-148
-210
-39
-322
560
-518
-311
-491
220
142
142
136
-255
558
61
527
197
-298
-395
-284
-294
308
-565
-363
-410
165
298
763
7
33
-609
-130
406
-287
-261
257
220
-955
307
445
-9
16
-501
-163
-278
-741
705
191
-419
-37
-241
-93
212
160
143
-340
-53
452
47
-54
-289
-381
-169
-280
259
-97
433
-485
957
-738
137
-243
331
-111
223
-428
-50
-212
-307
310
50
-73
149
643
-419
140
-150
151
-636
-325
156
-174
154
-418
-524
-232
-19
-80
716
-199
-123
-308
-680
536
-130
-541
539
503
536
-544
171
244
53
265
-8
-334
-65
-612
267
-210
-515
-698
-380
-197
157
546
-294
444
446
-202
-94
-126
877
-396
-401
371
359
-351
411
-129
-578
-183
-179
-538
-486
279
-329
605
-608
126
-94
-176
-427
383
-410
-640
-397
42
-450
-107
-417
-507
321
-107
-408
-343
-488
-459
231
-141
-324
275
437
173
-554
89
114
17
187
-129
392
115
-606
43
61
-248
319
-384
-363
314
186
477
-228
-237
697
6
164
80
816
-131
-698
373
-283
-540
143
185
89
-102
110
138
132
-564
-425
-498
612
-157
-244
585
314
312
-596
-101
-329
-372
-463
57
2
236
148
225
-589
331
-520
-427
-79
-159
280
85
-75
-215
-48
7
946
224
310
222
-123
-477
-195
92
31
-266
460
-4
-10
158
306
-263
263
-130
324
105
-55
176
207
-584
-174
17
-275
429
528
-302
-5
-258
40
-27
248
-99
-126
-55
1094
64
44
-256
76
361
-17
-140
191
44
-593
-86
-192
-61
-258
656
-157
254
-216
-119
57
217
-74
-212
158
79
-632
243
-68
-479
225
88
-602
96
-336
-53
-509
382
531
388
-597
66
905
-499
373
-160
272
-413
255
418
87
237
-88
-1023
231
-555
-79
-45
48
320
-95
33
-365
-57
-654
-187
-263
243
-388
513
60
-49
399
-319
-461
880
41
-93
326
3
-283
139
382
107
-480
-209
-245
51
267
3
108
-128
-154
630
475
-275
689
359
155
169
-82
155
-257
180
238
551
458
340
326
349
398
506
21
275
756
114
-349
117
-356
229
646
-585
111
-117
-573
444
-421
-378
629
27
-459
-198
160
634
1351
764
169
85
691
546
757
816
203
254
8
-317
128
510
707
258
-4
-370
-1079
172
397
-216
407
461
-668
526
21
-1108
258
-542
-234
-45
-299
-177
111
-598
179
-712
180
-286
224
111
-59
-330
-214
691
356
-547
298
694
269
-324
-321
361
-118
-263
-731
-94
204
-587
325
137
-225
96
212
-354
162
-76
-117
19
-12
170
-160
418
355
-248
310
-758
-283
1036
-419
-331
-374
-913
673
-264
636
-935
-754
69
7
-842
-592
59
-12
398
183
495
66
1002
676
-604
126
-72
-401
-163
-545
-220
457
23
371
-110
-409
-158
-447
-121
185
-93
480
590
-312
1065
-58
0
104
614
-397
-17
-469
-420
470
-651
761
-161
360
66
62
168
-751
377
-244
117
-298
314
-8
248
76
569
-474
-280
-503
153
-320
97
151
-816
572
-904
-219
-969
172
-205
-240
92
470
-91
-1229
-346
93
230
130
-44
270
-420
25
266
-632
61
698
-816
157
-401
-102
143
253
-156
9
233
91
-204
-67
315
-335
753
156
239
10
-449
444
-208
7
608
-144
295
-206
462
-179
135
667
-265
134
-689
-910
-144
19
-731
295
-244
-266
-309
-277
132
331
174
-184
208
88
-612
145
497
-128
135
-163
-21
327
-69
-624
-829
-194
71
-354
-502
547
-315
-472
246
-163
-436
345
-154
353
648
-136
-389
955
74
605
294
439
288
-60
-141
107
183
-262
55
-130
274
577
426
-95
-551
-400
260
312
-134
248
-591
-52
505
261
-543
-392
-86
41
-116
328
176
-44
-243
252
-535
203
392
362
-403
979
335
32
477
291
53
-207
403
-171
-673
-193
-193
-286
-389
-295
-463
127
556
-341
340
187
-104
101
-362
184
342
-305
-38
155
-1
-129
161
-398
-146
203
-835
476
372
-168
461
299
217
191
105
-123
55
192
-181
-125
19
-564
583
-172
33
174
149
435
-172
-72
415
-415
144
-619
369
-23
-86
-420
1
-162
634
70
305
440
-130
17
110
835
-232
6
-331
-168
-458
-470
-176
-586
473
105
-667
512
-26
-574
58
-106
43
-248
142
169
41
-942
-337
-433
239
120
-506
-633
-254
305
813
315
-29
-206
-437
140
-250
667
524
-363
517
-187
644
166
-87
398
-385
129
7
35
36
-290
-182
442
114
246
5
-199
14
478
8
-722
-189
-6
-652
-237
43
-260
688
-243
485
237
453
161
730
42
-94
169
168
-399
-148
118
-428
-62
410
-383
-652
-137
98
339
278
-377
-191
166
-36
674
-398
589
-355
-66
-739
47
292
-784
569
-230
-759
710
-727
195
141
488
-25
-394
-506
-212
-733
118
84
-133
376
-457
-179
830
98
-222
-305
279
122
203
311
-203
-652
141
25
-244
1244
-655
144
-187
528
-641
268
192
-188
-398
-646
-321
176
162
235
216
460
-120
686
-338
123
-622
192
-19
131
-343
554
-142
-708
307
-280
-128
-17
202
446
-535
-33
-660
-189
9
-158
-282
717
168
427
-452
-456
3
-181
-999
415
-6
134
184
129
-208
-242
-1222
-186
-271
-111
-216
69
-890
192
-129
-104
-118
157
-135
757
53
-224
471
-581
455
631
-52
-133
489
-132
495
-431
282
-130
-393
-100
-532
370
713
-418
-628
103
293
-235
-123
-198
341
479
47
122
115
257
-507
44
-35
447
-505
-133
-509
134
299
318
-453
-566
-494
-154
738
-166
165
665
12
4
584
-603
37
-148
943
24
-492
-529
61
280
153
197
-267
241
443
225
71
-150
-391
-125
765
-384
-219
-455
-235
-747
-109
81
-136
-239
-4
