1
-2
1
-3
6
-7
9
8
6
2
7
2
3
3
-9
-8
-7
9
5
-8
-2
4
-8
1
6
-7
-9
5
-9
-6
10
8
0
0
9
10
-9
-3
-1
10
1
-3
-5
0
-3
3
1
9
0
-5
2
5
1
4
-7
-4
-4
9
2
-5
-4
-10
4
-7
9
-2
0
5
2
3
-9
0
-4
-3
-4
-8
-8
8
-1
10
-9
-5
10
9
6
-8
0
-6
8
9
2
-7
2
-8
-5
9
-1
-7
6
-6
-3
5
-8
-5
-8
-1
-1
-9
-6
-10
-3
8
1
4
10
-5
-4
1
-1
9
4
-1
9
-10
-10
-10
-1
-10
4
-9
4
1
-3
-5
3
2
0
4
-8
6
8
-1
-7
-7
4
8
4
-2
-2
-5
-6
-5
0
5
8
2
8
-1
0
5
0
5
-6
6
8
1
-10
-10
-1
-4
-1
9
10
8
-8
8
-1
3
3
-1
3
6
5
4
-5
-4
-5
-8
2
1
9
-1
-1
9
7
5
-5
10
9
5
-8
-10
3
-6
9
5
-2
10
0
0
-3
4
-4
-9
5
-3
-3
2
3
9
8
-2
-9
3
-2
5
-8
1
-4
1
6
-2
-5
2
6
-1
4
-6
8
10
1
6
-4
1
0
-4
-10
-9
0
-5
8
-5
4
6
-5
5
-9
-10
10
7
8
9
-10
8
-7
7
-6
10
-4
1
-4
-1
-5
-3
10
-7
2
6
3
-9
-6
-4
10
6
10
9
-9
-4
0
-5
4
-4
-1
-4
4
4
-8
5
2
1
-3
-8
-4
-6
8
6
3
-2
-2
9
-1
3
-3
3
-5
2
10
1
-5
-5
-8
1
-1
-7
8
4
0
10
2
-1
9
-9
2
5
4
-10
-6
4
1
-9
-8
10
1
-5
9
7
1
4
10
7
-3
3
10
7
-10
7
2
0
7
1
7
-9
4
-1
1
-10
-9
-10
7
2
7
7
-4
9
-9
-1
-8
-2
9
0
-10
0
10
-7
7
-9
4
5
-8
-7
-7
-4
3
10
9
4
-2
-8
-10
-2
-3